0 66.4218215218 53.1301023542 66.4218215218 90.0 47.8695852386 43.0887231354 39.2315204836 77.0790336184 63.4349488229 
66.4218215218 0 66.4218215218 53.1301023542 71.5650511771 63.4349488229 68.583285967 58.9090696423 63.4349488229 26.5650511771 
53.1301023542 66.4218215218 0 66.4218215218 71.5650511771 63.4349488229 43.0887231354 58.9090696423 90.0 77.0790336184 
66.4218215218 53.1301023542 66.4218215218 0 90.0 47.8695852386 68.583285967 75.0367825667 47.8695852386 47.8695852386 
90.0 71.5650511771 71.5650511771 90.0 0 90.0 73.221345119 90.0 69.2951889454 90.0 
47.8695852386 63.4349488229 63.4349488229 47.8695852386 90.0 0 65.9051574479 54.7356103172 60.0 60.0 
43.0887231354 68.583285967 43.0887231354 68.583285967 73.221345119 65.9051574479 0 45.0 78.2217678454 65.9051574479 
39.2315204836 58.9090696423 58.9090696423 75.0367825667 90.0 54.7356103172 45.0 0 90.0 54.7356103172 
77.0790336184 63.4349488229 90.0 47.8695852386 69.2951889454 60.0 78.2217678454 90.0 0 60.0 
63.4349488229 26.5650511771 77.0790336184 47.8695852386 90.0 60.0 65.9051574479 54.7356103172 60.0 0 
